(kicad_pcb (version 20171130) (host pcbnew 5.1.12-84ad8e8a86~92~ubuntu18.04.1)

  (general
    (thickness 1.6)
    (drawings 31)
    (tracks 817)
    (zones 0)
    (modules 83)
    (nets 70)
  )

  (page A4 portrait)
  (layers
    (0 F.Cu_sig signal)
    (1 In1.Cu_3V3 signal)
    (2 In2.Cu_Gnd signal)
    (31 B.Cu_sig signal)
    (32 B.Adhes user)
    (33 F.Adhes user)
    (34 B.Paste user)
    (35 F.Paste user)
    (36 B.SilkS user)
    (37 F.SilkS user)
    (38 B.Mask user)
    (39 F.Mask user)
    (40 Dwgs.User user)
    (41 Cmts.User user)
    (42 Eco1.User user)
    (43 Eco2.User user)
    (44 Edge.Cuts user)
    (45 Margin user)
    (46 B.CrtYd user)
    (47 F.CrtYd user)
    (48 B.Fab user)
    (49 F.Fab user)
  )

  (setup
    (last_trace_width 0.125)
    (user_trace_width 0.125)
    (user_trace_width 0.15)
    (user_trace_width 0.2)
    (user_trace_width 0.25)
    (user_trace_width 0.3)
    (user_trace_width 0.35)
    (user_trace_width 0.4)
    (user_trace_width 0.45)
    (user_trace_width 0.5)
    (user_trace_width 1)
    (trace_clearance 0.125)
    (zone_clearance 0.125)
    (zone_45_only no)
    (trace_min 0.125)
    (via_size 0.5)
    (via_drill 0.2)
    (via_min_size 0.5)
    (via_min_drill 0.2)
    (user_via 0.5 0.2)
    (user_via 0.6 0.3)
    (uvia_size 0.3)
    (uvia_drill 0.1)
    (uvias_allowed no)
    (uvia_min_size 0.2)
    (uvia_min_drill 0.1)
    (edge_width 0.05)
    (segment_width 0.2)
    (pcb_text_width 0.3)
    (pcb_text_size 1.5 1.5)
    (mod_edge_width 0.12)
    (mod_text_size 1 1)
    (mod_text_width 0.15)
    (pad_size 3 2)
    (pad_drill 0)
    (pad_to_mask_clearance 0)
    (aux_axis_origin 157 51)
    (visible_elements FFFFFF7F)
    (pcbplotparams
      (layerselection 0x21000_7ffffff8)
      (usegerberextensions false)
      (usegerberattributes true)
      (usegerberadvancedattributes true)
      (creategerberjobfile true)
      (excludeedgelayer false)
      (linewidth 0.100000)
      (plotframeref false)
      (viasonmask false)
      (mode 1)
      (useauxorigin false)
      (hpglpennumber 1)
      (hpglpenspeed 20)
      (hpglpendiameter 15.000000)
      (psnegative false)
      (psa4output false)
      (plotreference false)
      (plotvalue true)
      (plotinvisibletext false)
      (padsonsilk false)
      (subtractmaskfromsilk false)
      (outputformat 2)
      (mirror false)
      (drillshape 0)
      (scaleselection 4)
      (outputdirectory ""))
  )

  (net 0 "")
  (net 1 GND)
  (net 2 +3V3)
  (net 3 ESP_EN)
  (net 4 "Net-(C16-Pad1)")
  (net 5 "Net-(C17-Pad1)")
  (net 6 ESPX_OUT)
  (net 7 ESPX_IN)
  (net 8 "Net-(R2-Pad2)")
  (net 9 "Net-(U2-Pad23)")
  (net 10 "Net-(U2-Pad22)")
  (net 11 "Net-(U2-Pad21)")
  (net 12 "Net-(U2-Pad20)")
  (net 13 LED_A)
  (net 14 BUSY_A)
  (net 15 DIO1_A)
  (net 16 NRST_A)
  (net 17 NSS_A)
  (net 18 SCK)
  (net 19 MISO)
  (net 20 MOSI)
  (net 21 ANT)
  (net 22 "Net-(U6-Pad6)")
  (net 23 "Net-(U6-Pad4)")
  (net 24 "Net-(J1-Pad1)")
  (net 25 "Net-(U5-Pad1)")
  (net 26 "Net-(U6-Pad10)")
  (net 27 "Net-(U6-Pad9)")
  (net 28 "Net-(U6-Pad14)")
  (net 29 "Net-(C22-Pad1)")
  (net 30 PWM1)
  (net 31 PWM2)
  (net 32 PWM3)
  (net 33 PWM4)
  (net 34 "Net-(U2-Pad5)")
  (net 35 "Net-(C11-Pad1)")
  (net 36 "Net-(D1-Pad1)")
  (net 37 "Net-(J5-Pad2)")
  (net 38 ADC_sig)
  (net 39 "Net-(C13-Pad2)")
  (net 40 "Net-(D4-Pad2)")
  (net 41 +BATT)
  (net 42 "Net-(Q1-Pad5)")
  (net 43 "Net-(U4-Pad16)")
  (net 44 "Net-(U4-Pad15)")
  (net 45 "Net-(U4-Pad7)")
  (net 46 phase_C)
  (net 47 phase_B)
  (net 48 "Net-(Q2-Pad5)")
  (net 49 phase_A)
  (net 50 "Net-(Q3-Pad5)")
  (net 51 fb_B)
  (net 52 fb_C)
  (net 53 fb_Y)
  (net 54 fb_A)
  (net 55 Cc)
  (net 56 Bc)
  (net 57 Ac)
  (net 58 Ap)
  (net 59 Bp)
  (net 60 Cp)
  (net 61 C2D)
  (net 62 C2CK)
  (net 63 "Net-(R9-Pad2)")
  (net 64 EFM_RX)
  (net 65 EFM_TX)
  (net 66 "Net-(J2-Pad12)")
  (net 67 "Net-(J2-Pad7)")
  (net 68 "Net-(J2-Pad6)")
  (net 69 "Net-(J2-Pad1)")

  (net_class Default "This is the default net class."
    (clearance 0.125)
    (trace_width 0.125)
    (via_dia 0.5)
    (via_drill 0.2)
    (uvia_dia 0.3)
    (uvia_drill 0.1)
    (add_net +3V3)
    (add_net +BATT)
    (add_net ADC_sig)
    (add_net ANT)
    (add_net Ac)
    (add_net Ap)
    (add_net BUSY_A)
    (add_net Bc)
    (add_net Bp)
    (add_net C2CK)
    (add_net C2D)
    (add_net Cc)
    (add_net Cp)
    (add_net DIO1_A)
    (add_net EFM_RX)
    (add_net EFM_TX)
    (add_net ESPX_IN)
    (add_net ESPX_OUT)
    (add_net ESP_EN)
    (add_net GND)
    (add_net LED_A)
    (add_net MISO)
    (add_net MOSI)
    (add_net NRST_A)
    (add_net NSS_A)
    (add_net "Net-(C11-Pad1)")
    (add_net "Net-(C13-Pad2)")
    (add_net "Net-(C16-Pad1)")
    (add_net "Net-(C17-Pad1)")
    (add_net "Net-(C22-Pad1)")
    (add_net "Net-(D1-Pad1)")
    (add_net "Net-(D4-Pad2)")
    (add_net "Net-(J1-Pad1)")
    (add_net "Net-(J2-Pad1)")
    (add_net "Net-(J2-Pad12)")
    (add_net "Net-(J2-Pad6)")
    (add_net "Net-(J2-Pad7)")
    (add_net "Net-(J5-Pad2)")
    (add_net "Net-(Q1-Pad5)")
    (add_net "Net-(Q2-Pad5)")
    (add_net "Net-(Q3-Pad5)")
    (add_net "Net-(R2-Pad2)")
    (add_net "Net-(R9-Pad2)")
    (add_net "Net-(U2-Pad20)")
    (add_net "Net-(U2-Pad21)")
    (add_net "Net-(U2-Pad22)")
    (add_net "Net-(U2-Pad23)")
    (add_net "Net-(U2-Pad5)")
    (add_net "Net-(U4-Pad15)")
    (add_net "Net-(U4-Pad16)")
    (add_net "Net-(U4-Pad7)")
    (add_net "Net-(U5-Pad1)")
    (add_net "Net-(U6-Pad10)")
    (add_net "Net-(U6-Pad14)")
    (add_net "Net-(U6-Pad4)")
    (add_net "Net-(U6-Pad6)")
    (add_net "Net-(U6-Pad9)")
    (add_net PWM1)
    (add_net PWM2)
    (add_net PWM3)
    (add_net PWM4)
    (add_net SCK)
    (add_net fb_A)
    (add_net fb_B)
    (add_net fb_C)
    (add_net fb_Y)
    (add_net phase_A)
    (add_net phase_B)
    (add_net phase_C)
  )

  (module TestPoint:TestPoint_Pad_D1.0mm (layer F.Cu_sig) (tedit 5A0F774F) (tstamp 61CE762A)
    (at 158 57.25)
    (descr "SMD pad as test Point, diameter 1.0mm")
    (tags "test point SMD pad")
    (path /61D9201F)
    (attr virtual)
    (fp_text reference TP12 (at 0 -1.448) (layer F.SilkS) hide
      (effects (font (size 1 1) (thickness 0.15)))
    )
    (fp_text value TestPoint (at 0 1.55) (layer F.Fab) hide
      (effects (font (size 1 1) (thickness 0.15)))
    )
    (fp_circle (center 0 0) (end 0 0.7) (layer F.SilkS) (width 0.12))
    (fp_circle (center 0 0) (end 1 0) (layer F.CrtYd) (width 0.05))
    (fp_text user %R (at 0 -1.45) (layer F.Fab) hide
      (effects (font (size 1 1) (thickness 0.15)))
    )
    (pad 1 smd circle (at 0 0) (size 1 1) (layers F.Cu_sig F.Mask)
      (net 1 GND))
  )

  (module Resistor_SMD:R_0402_1005Metric (layer F.Cu_sig) (tedit 5F68FEEE) (tstamp 61CE0F7B)
    (at 158.575 66.7)
    (descr "Resistor SMD 0402 (1005 Metric), square (rectangular) end terminal, IPC_7351 nominal, (Body size source: IPC-SM-782 page 72, https://www.pcb-3d.com/wordpress/wp-content/uploads/ipc-sm-782a_amendment_1_and_2.pdf), generated with kicad-footprint-generator")
    (tags resistor)
    (path /61FD0A0A)
    (attr smd)
    (fp_text reference R28 (at 0 -1.17) (layer F.SilkS) hide
      (effects (font (size 1 1) (thickness 0.15)))
    )
    (fp_text value 10k (at 0 0) (layer F.Fab)
      (effects (font (size 0.3 0.3) (thickness 0.04)))
    )
    (fp_line (start 0.93 0.47) (end -0.93 0.47) (layer F.CrtYd) (width 0.05))
    (fp_line (start 0.93 -0.47) (end 0.93 0.47) (layer F.CrtYd) (width 0.05))
    (fp_line (start -0.93 -0.47) (end 0.93 -0.47) (layer F.CrtYd) (width 0.05))
    (fp_line (start -0.93 0.47) (end -0.93 -0.47) (layer F.CrtYd) (width 0.05))
    (fp_line (start -0.153641 0.38) (end 0.153641 0.38) (layer F.SilkS) (width 0.12))
    (fp_line (start -0.153641 -0.38) (end 0.153641 -0.38) (layer F.SilkS) (width 0.12))
    (fp_line (start 0.525 0.27) (end -0.525 0.27) (layer F.Fab) (width 0.1))
    (fp_line (start 0.525 -0.27) (end 0.525 0.27) (layer F.Fab) (width 0.1))
    (fp_line (start -0.525 -0.27) (end 0.525 -0.27) (layer F.Fab) (width 0.1))
    (fp_line (start -0.525 0.27) (end -0.525 -0.27) (layer F.Fab) (width 0.1))
    (fp_text user %R (at 0 0) (layer F.Fab) hide
      (effects (font (size 0.26 0.26) (thickness 0.04)))
    )
    (pad 2 smd roundrect (at 0.51 0) (size 0.54 0.64) (layers F.Cu_sig F.Paste F.Mask) (roundrect_rratio 0.25)
      (net 57 Ac))
    (pad 1 smd roundrect (at -0.51 0) (size 0.54 0.64) (layers F.Cu_sig F.Paste F.Mask) (roundrect_rratio 0.25)
      (net 1 GND))
    (model ${KISYS3DMOD}/Resistor_SMD.3dshapes/R_0402_1005Metric.wrl
      (at (xyz 0 0 0))
      (scale (xyz 1 1 1))
      (rotate (xyz 0 0 0))
    )
  )

  (module Resistor_SMD:R_0402_1005Metric (layer B.Cu_sig) (tedit 5F68FEEE) (tstamp 61CE0275)
    (at 161.975 66.525 180)
    (descr "Resistor SMD 0402 (1005 Metric), square (rectangular) end terminal, IPC_7351 nominal, (Body size source: IPC-SM-782 page 72, https://www.pcb-3d.com/wordpress/wp-content/uploads/ipc-sm-782a_amendment_1_and_2.pdf), generated with kicad-footprint-generator")
    (tags resistor)
    (path /61FA9E73)
    (attr smd)
    (fp_text reference R27 (at 0 1.17) (layer B.SilkS) hide
      (effects (font (size 1 1) (thickness 0.15)) (justify mirror))
    )
    (fp_text value 10k (at 0 0) (layer B.Fab)
      (effects (font (size 0.3 0.3) (thickness 0.04)) (justify mirror))
    )
    (fp_line (start 0.93 -0.47) (end -0.93 -0.47) (layer B.CrtYd) (width 0.05))
    (fp_line (start 0.93 0.47) (end 0.93 -0.47) (layer B.CrtYd) (width 0.05))
    (fp_line (start -0.93 0.47) (end 0.93 0.47) (layer B.CrtYd) (width 0.05))
    (fp_line (start -0.93 -0.47) (end -0.93 0.47) (layer B.CrtYd) (width 0.05))
    (fp_line (start -0.153641 -0.38) (end 0.153641 -0.38) (layer B.SilkS) (width 0.12))
    (fp_line (start -0.153641 0.38) (end 0.153641 0.38) (layer B.SilkS) (width 0.12))
    (fp_line (start 0.525 -0.27) (end -0.525 -0.27) (layer B.Fab) (width 0.1))
    (fp_line (start 0.525 0.27) (end 0.525 -0.27) (layer B.Fab) (width 0.1))
    (fp_line (start -0.525 0.27) (end 0.525 0.27) (layer B.Fab) (width 0.1))
    (fp_line (start -0.525 -0.27) (end -0.525 0.27) (layer B.Fab) (width 0.1))
    (fp_text user %R (at 0 0) (layer B.Fab) hide
      (effects (font (size 0.26 0.26) (thickness 0.04)) (justify mirror))
    )
    (pad 2 smd roundrect (at 0.51 0 180) (size 0.54 0.64) (layers B.Cu_sig B.Paste B.Mask) (roundrect_rratio 0.25)
      (net 56 Bc))
    (pad 1 smd roundrect (at -0.51 0 180) (size 0.54 0.64) (layers B.Cu_sig B.Paste B.Mask) (roundrect_rratio 0.25)
      (net 1 GND))
    (model ${KISYS3DMOD}/Resistor_SMD.3dshapes/R_0402_1005Metric.wrl
      (at (xyz 0 0 0))
      (scale (xyz 1 1 1))
      (rotate (xyz 0 0 0))
    )
  )

  (module Resistor_SMD:R_0402_1005Metric (layer F.Cu_sig) (tedit 5F68FEEE) (tstamp 61CE0144)
    (at 166.125 65.85 270)
    (descr "Resistor SMD 0402 (1005 Metric), square (rectangular) end terminal, IPC_7351 nominal, (Body size source: IPC-SM-782 page 72, https://www.pcb-3d.com/wordpress/wp-content/uploads/ipc-sm-782a_amendment_1_and_2.pdf), generated with kicad-footprint-generator")
    (tags resistor)
    (path /61F7FDA6)
    (attr smd)
    (fp_text reference R17 (at 0 -1.17 90) (layer F.SilkS) hide
      (effects (font (size 1 1) (thickness 0.15)))
    )
    (fp_text value 10k (at 0 0 90) (layer F.Fab)
      (effects (font (size 0.3 0.3) (thickness 0.04)))
    )
    (fp_line (start 0.93 0.47) (end -0.93 0.47) (layer F.CrtYd) (width 0.05))
    (fp_line (start 0.93 -0.47) (end 0.93 0.47) (layer F.CrtYd) (width 0.05))
    (fp_line (start -0.93 -0.47) (end 0.93 -0.47) (layer F.CrtYd) (width 0.05))
    (fp_line (start -0.93 0.47) (end -0.93 -0.47) (layer F.CrtYd) (width 0.05))
    (fp_line (start -0.153641 0.38) (end 0.153641 0.38) (layer F.SilkS) (width 0.12))
    (fp_line (start -0.153641 -0.38) (end 0.153641 -0.38) (layer F.SilkS) (width 0.12))
    (fp_line (start 0.525 0.27) (end -0.525 0.27) (layer F.Fab) (width 0.1))
    (fp_line (start 0.525 -0.27) (end 0.525 0.27) (layer F.Fab) (width 0.1))
    (fp_line (start -0.525 -0.27) (end 0.525 -0.27) (layer F.Fab) (width 0.1))
    (fp_line (start -0.525 0.27) (end -0.525 -0.27) (layer F.Fab) (width 0.1))
    (fp_text user %R (at 0 0 90) (layer F.Fab) hide
      (effects (font (size 0.26 0.26) (thickness 0.04)))
    )
    (pad 2 smd roundrect (at 0.51 0 270) (size 0.54 0.64) (layers F.Cu_sig F.Paste F.Mask) (roundrect_rratio 0.25)
      (net 55 Cc))
    (pad 1 smd roundrect (at -0.51 0 270) (size 0.54 0.64) (layers F.Cu_sig F.Paste F.Mask) (roundrect_rratio 0.25)
      (net 1 GND))
    (model ${KISYS3DMOD}/Resistor_SMD.3dshapes/R_0402_1005Metric.wrl
      (at (xyz 0 0 0))
      (scale (xyz 1 1 1))
      (rotate (xyz 0 0 0))
    )
  )

  (module NC7NZ14:UQFN-8_1.6x1.6mm_P0.50mm (layer B.Cu_sig) (tedit 61A35A50) (tstamp 61A7E342)
    (at 164.35 66 180)
    (path /61BBFFB9)
    (attr smd)
    (fp_text reference U3 (at 0 2) (layer B.SilkS) hide
      (effects (font (size 1 1) (thickness 0.15)) (justify mirror))
    )
    (fp_text value NC7NZ14L8X (at -2.05 0.7) (layer B.Fab)
      (effects (font (size 0.3 0.3) (thickness 0.04)) (justify mirror))
    )
    (fp_line (start 0.95 -1) (end -0.95 -1) (layer B.SilkS) (width 0.1))
    (fp_line (start -0.35 1) (end 0.95 1) (layer B.SilkS) (width 0.1))
    (fp_line (start -0.8 0.3) (end -0.3 0.8) (layer B.Fab) (width 0.05))
    (fp_line (start -0.8 -0.8) (end -0.8 0.3) (layer B.Fab) (width 0.05))
    (fp_line (start 0.8 -0.8) (end -0.8 -0.8) (layer B.Fab) (width 0.05))
    (fp_line (start 0.8 0.8) (end 0.8 -0.8) (layer B.Fab) (width 0.05))
    (fp_line (start -0.3 0.8) (end 0.8 0.8) (layer B.Fab) (width 0.05))
    (fp_line (start 0.95 0.9) (end -0.95 0.9) (layer B.CrtYd) (width 0.05))
    (fp_line (start 0.95 -0.9) (end 0.95 0.9) (layer B.CrtYd) (width 0.05))
    (fp_line (start -0.95 -0.9) (end 0.95 -0.9) (layer B.CrtYd) (width 0.05))
    (fp_line (start -0.95 0.9) (end -0.95 -0.9) (layer B.CrtYd) (width 0.05))
    (pad 4 smd roundrect (at 0 -0.575 180) (size 0.25 0.45) (layers B.Cu_sig B.Paste B.Mask) (roundrect_rratio 0.25)
      (net 1 GND))
    (pad 8 smd roundrect (at 0 0.575) (size 0.25 0.45) (layers B.Cu_sig B.Paste B.Mask) (roundrect_rratio 0.25)
      (net 41 +BATT))
    (pad 7 smd roundrect (at 0.605 0.5) (size 0.4 0.25) (layers B.Cu_sig B.Paste B.Mask) (roundrect_rratio 0.25)
      (net 60 Cp))
    (pad 6 smd roundrect (at 0.605 0) (size 0.4 0.25) (layers B.Cu_sig B.Paste B.Mask) (roundrect_rratio 0.25)
      (net 42 "Net-(Q1-Pad5)"))
    (pad 5 smd roundrect (at 0.605 -0.5) (size 0.4 0.25) (layers B.Cu_sig B.Paste B.Mask) (roundrect_rratio 0.25)
      (net 59 Bp))
    (pad 3 smd roundrect (at -0.605 -0.5 180) (size 0.4 0.25) (layers B.Cu_sig B.Paste B.Mask) (roundrect_rratio 0.25)
      (net 48 "Net-(Q2-Pad5)"))
    (pad 2 smd roundrect (at -0.605 0 180) (size 0.4 0.25) (layers B.Cu_sig B.Paste B.Mask) (roundrect_rratio 0.25)
      (net 58 Ap))
    (pad 1 smd roundrect (at -0.605 0.5 180) (size 0.4 0.25) (layers B.Cu_sig B.Paste B.Mask) (roundrect_rratio 0.25)
      (net 50 "Net-(Q3-Pad5)"))
    (model ${KISYS3DMOD}/Package_DFN_QFN.3dshapes/MLF-6-1EP_1.6x1.6mm_P0.5mm_EP0.5x1.26mm.step
      (at (xyz 0 0 0))
      (scale (xyz 1 1 1))
      (rotate (xyz 0 0 0))
    )
  )

  (module Capacitor_SMD:C_0603_1608Metric (layer F.Cu_sig) (tedit 5F68FEEE) (tstamp 61A6C286)
    (at 165.35 55.65)
    (descr "Capacitor SMD 0603 (1608 Metric), square (rectangular) end terminal, IPC_7351 nominal, (Body size source: IPC-SM-782 page 76, https://www.pcb-3d.com/wordpress/wp-content/uploads/ipc-sm-782a_amendment_1_and_2.pdf), generated with kicad-footprint-generator")
    (tags capacitor)
    (path /61B95ED9)
    (attr smd)
    (fp_text reference C27 (at 0 -1.43 180) (layer F.SilkS) hide
      (effects (font (size 1 1) (thickness 0.15)))
    )
    (fp_text value 10u (at 0 0 180) (layer F.Fab)
      (effects (font (size 0.3 0.3) (thickness 0.04)))
    )
    (fp_line (start 1.48 0.73) (end -1.48 0.73) (layer F.CrtYd) (width 0.05))
    (fp_line (start 1.48 -0.73) (end 1.48 0.73) (layer F.CrtYd) (width 0.05))
    (fp_line (start -1.48 -0.73) (end 1.48 -0.73) (layer F.CrtYd) (width 0.05))
    (fp_line (start -1.48 0.73) (end -1.48 -0.73) (layer F.CrtYd) (width 0.05))
    (fp_line (start -0.14058 0.51) (end 0.14058 0.51) (layer F.SilkS) (width 0.12))
    (fp_line (start -0.14058 -0.51) (end 0.14058 -0.51) (layer F.SilkS) (width 0.12))
    (fp_line (start 0.8 0.4) (end -0.8 0.4) (layer F.Fab) (width 0.1))
    (fp_line (start 0.8 -0.4) (end 0.8 0.4) (layer F.Fab) (width 0.1))
    (fp_line (start -0.8 -0.4) (end 0.8 -0.4) (layer F.Fab) (width 0.1))
    (fp_line (start -0.8 0.4) (end -0.8 -0.4) (layer F.Fab) (width 0.1))
    (fp_text user %R (at 0 0 180) (layer F.Fab) hide
      (effects (font (size 0.4 0.4) (thickness 0.06)))
    )
    (pad 1 smd roundrect (at -0.775 0) (size 0.9 0.95) (layers F.Cu_sig F.Paste F.Mask) (roundrect_rratio 0.25)
      (net 41 +BATT))
    (pad 2 smd roundrect (at 0.775 0) (size 0.9 0.95) (layers F.Cu_sig F.Paste F.Mask) (roundrect_rratio 0.25)
      (net 1 GND))
    (model ${KISYS3DMOD}/Capacitor_SMD.3dshapes/C_0603_1608Metric.wrl
      (at (xyz 0 0 0))
      (scale (xyz 1 1 1))
      (rotate (xyz 0 0 0))
    )
  )

  (module Capacitor_SMD:C_0603_1608Metric (layer B.Cu_sig) (tedit 5F68FEEE) (tstamp 61A6B3FF)
    (at 172.7 68.5 180)
    (descr "Capacitor SMD 0603 (1608 Metric), square (rectangular) end terminal, IPC_7351 nominal, (Body size source: IPC-SM-782 page 76, https://www.pcb-3d.com/wordpress/wp-content/uploads/ipc-sm-782a_amendment_1_and_2.pdf), generated with kicad-footprint-generator")
    (tags capacitor)
    (path /61B040F1)
    (attr smd)
    (fp_text reference C26 (at 0 1.43) (layer B.SilkS) hide
      (effects (font (size 1 1) (thickness 0.15)) (justify mirror))
    )
    (fp_text value 10u (at 0 0) (layer B.Fab)
      (effects (font (size 0.3 0.3) (thickness 0.04)) (justify mirror))
    )
    (fp_line (start -0.8 -0.4) (end -0.8 0.4) (layer B.Fab) (width 0.1))
    (fp_line (start -0.8 0.4) (end 0.8 0.4) (layer B.Fab) (width 0.1))
    (fp_line (start 0.8 0.4) (end 0.8 -0.4) (layer B.Fab) (width 0.1))
    (fp_line (start 0.8 -0.4) (end -0.8 -0.4) (layer B.Fab) (width 0.1))
    (fp_line (start -0.14058 0.51) (end 0.14058 0.51) (layer B.SilkS) (width 0.12))
    (fp_line (start -0.14058 -0.51) (end 0.14058 -0.51) (layer B.SilkS) (width 0.12))
    (fp_line (start -1.48 -0.73) (end -1.48 0.73) (layer B.CrtYd) (width 0.05))
    (fp_line (start -1.48 0.73) (end 1.48 0.73) (layer B.CrtYd) (width 0.05))
    (fp_line (start 1.48 0.73) (end 1.48 -0.73) (layer B.CrtYd) (width 0.05))
    (fp_line (start 1.48 -0.73) (end -1.48 -0.73) (layer B.CrtYd) (width 0.05))
    (fp_text user %R (at 0 0) (layer B.Fab) hide
      (effects (font (size 0.4 0.4) (thickness 0.06)) (justify mirror))
    )
    (pad 2 smd roundrect (at 0.775 0 180) (size 0.9 0.95) (layers B.Cu_sig B.Paste B.Mask) (roundrect_rratio 0.25)
      (net 1 GND))
    (pad 1 smd roundrect (at -0.775 0 180) (size 0.9 0.95) (layers B.Cu_sig B.Paste B.Mask) (roundrect_rratio 0.25)
      (net 41 +BATT))
    (model ${KISYS3DMOD}/Capacitor_SMD.3dshapes/C_0603_1608Metric.wrl
      (at (xyz 0 0 0))
      (scale (xyz 1 1 1))
      (rotate (xyz 0 0 0))
    )
  )

  (module Capacitor_SMD:C_0603_1608Metric (layer B.Cu_sig) (tedit 5F68FEEE) (tstamp 61A6B3EE)
    (at 172.7 69.7 180)
    (descr "Capacitor SMD 0603 (1608 Metric), square (rectangular) end terminal, IPC_7351 nominal, (Body size source: IPC-SM-782 page 76, https://www.pcb-3d.com/wordpress/wp-content/uploads/ipc-sm-782a_amendment_1_and_2.pdf), generated with kicad-footprint-generator")
    (tags capacitor)
    (path /61AEBD33)
    (attr smd)
    (fp_text reference C25 (at 0 1.43) (layer B.SilkS) hide
      (effects (font (size 1 1) (thickness 0.15)) (justify mirror))
    )
    (fp_text value 10u (at 0 0) (layer B.Fab)
      (effects (font (size 0.3 0.3) (thickness 0.04)) (justify mirror))
    )
    (fp_line (start -0.8 -0.4) (end -0.8 0.4) (layer B.Fab) (width 0.1))
    (fp_line (start -0.8 0.4) (end 0.8 0.4) (layer B.Fab) (width 0.1))
    (fp_line (start 0.8 0.4) (end 0.8 -0.4) (layer B.Fab) (width 0.1))
    (fp_line (start 0.8 -0.4) (end -0.8 -0.4) (layer B.Fab) (width 0.1))
    (fp_line (start -0.14058 0.51) (end 0.14058 0.51) (layer B.SilkS) (width 0.12))
    (fp_line (start -0.14058 -0.51) (end 0.14058 -0.51) (layer B.SilkS) (width 0.12))
    (fp_line (start -1.48 -0.73) (end -1.48 0.73) (layer B.CrtYd) (width 0.05))
    (fp_line (start -1.48 0.73) (end 1.48 0.73) (layer B.CrtYd) (width 0.05))
    (fp_line (start 1.48 0.73) (end 1.48 -0.73) (layer B.CrtYd) (width 0.05))
    (fp_line (start 1.48 -0.73) (end -1.48 -0.73) (layer B.CrtYd) (width 0.05))
    (fp_text user %R (at 0 0) (layer B.Fab) hide
      (effects (font (size 0.4 0.4) (thickness 0.06)) (justify mirror))
    )
    (pad 2 smd roundrect (at 0.775 0 180) (size 0.9 0.95) (layers B.Cu_sig B.Paste B.Mask) (roundrect_rratio 0.25)
      (net 1 GND))
    (pad 1 smd roundrect (at -0.775 0 180) (size 0.9 0.95) (layers B.Cu_sig B.Paste B.Mask) (roundrect_rratio 0.25)
      (net 41 +BATT))
    (model ${KISYS3DMOD}/Capacitor_SMD.3dshapes/C_0603_1608Metric.wrl
      (at (xyz 0 0 0))
      (scale (xyz 1 1 1))
      (rotate (xyz 0 0 0))
    )
  )

  (module Capacitor_SMD:C_0603_1608Metric (layer B.Cu_sig) (tedit 5F68FEEE) (tstamp 61A6B3DD)
    (at 169.4 69 270)
    (descr "Capacitor SMD 0603 (1608 Metric), square (rectangular) end terminal, IPC_7351 nominal, (Body size source: IPC-SM-782 page 76, https://www.pcb-3d.com/wordpress/wp-content/uploads/ipc-sm-782a_amendment_1_and_2.pdf), generated with kicad-footprint-generator")
    (tags capacitor)
    (path /61ADE2AB)
    (attr smd)
    (fp_text reference C24 (at 0 1.43 90) (layer B.SilkS) hide
      (effects (font (size 1 1) (thickness 0.15)) (justify mirror))
    )
    (fp_text value 10u (at 0 0 90) (layer B.Fab)
      (effects (font (size 0.3 0.3) (thickness 0.04)) (justify mirror))
    )
    (fp_line (start -0.8 -0.4) (end -0.8 0.4) (layer B.Fab) (width 0.1))
    (fp_line (start -0.8 0.4) (end 0.8 0.4) (layer B.Fab) (width 0.1))
    (fp_line (start 0.8 0.4) (end 0.8 -0.4) (layer B.Fab) (width 0.1))
    (fp_line (start 0.8 -0.4) (end -0.8 -0.4) (layer B.Fab) (width 0.1))
    (fp_line (start -0.14058 0.51) (end 0.14058 0.51) (layer B.SilkS) (width 0.12))
    (fp_line (start -0.14058 -0.51) (end 0.14058 -0.51) (layer B.SilkS) (width 0.12))
    (fp_line (start -1.48 -0.73) (end -1.48 0.73) (layer B.CrtYd) (width 0.05))
    (fp_line (start -1.48 0.73) (end 1.48 0.73) (layer B.CrtYd) (width 0.05))
    (fp_line (start 1.48 0.73) (end 1.48 -0.73) (layer B.CrtYd) (width 0.05))
    (fp_line (start 1.48 -0.73) (end -1.48 -0.73) (layer B.CrtYd) (width 0.05))
    (fp_text user %R (at 0 0 90) (layer B.Fab) hide
      (effects (font (size 0.4 0.4) (thickness 0.06)) (justify mirror))
    )
    (pad 2 smd roundrect (at 0.775 0 270) (size 0.9 0.95) (layers B.Cu_sig B.Paste B.Mask) (roundrect_rratio 0.25)
      (net 1 GND))
    (pad 1 smd roundrect (at -0.775 0 270) (size 0.9 0.95) (layers B.Cu_sig B.Paste B.Mask) (roundrect_rratio 0.25)
      (net 41 +BATT))
    (model ${KISYS3DMOD}/Capacitor_SMD.3dshapes/C_0603_1608Metric.wrl
      (at (xyz 0 0 0))
      (scale (xyz 1 1 1))
      (rotate (xyz 0 0 0))
    )
  )

  (module TestPoint:TestPoint_Pad_D1.0mm (layer F.Cu_sig) (tedit 5A0F774F) (tstamp 61AFAFFB)
    (at 158 59.75)
    (descr "SMD pad as test Point, diameter 1.0mm")
    (tags "test point SMD pad")
    (path /62BA01F5)
    (attr virtual)
    (fp_text reference TP11 (at 0 -1.448) (layer F.SilkS) hide
      (effects (font (size 1 1) (thickness 0.15)))
    )
    (fp_text value TestPoint (at 0 1.55) (layer F.Fab) hide
      (effects (font (size 0.3 0.3) (thickness 0.04)))
    )
    (fp_circle (center 0 0) (end 0 0.7) (layer F.SilkS) (width 0.12))
    (fp_circle (center 0 0) (end 1 0) (layer F.CrtYd) (width 0.05))
    (fp_text user %R (at 0 -1.45) (layer F.Fab) hide
      (effects (font (size 1 1) (thickness 0.15)))
    )
    (pad 1 smd circle (at 0 0) (size 1 1) (layers F.Cu_sig F.Mask)
      (net 64 EFM_RX))
  )

  (module TestPoint:TestPoint_Pad_D1.0mm (layer F.Cu_sig) (tedit 5A0F774F) (tstamp 61AFAFF3)
    (at 158 62.25)
    (descr "SMD pad as test Point, diameter 1.0mm")
    (tags "test point SMD pad")
    (path /62B9FE43)
    (attr virtual)
    (fp_text reference TP10 (at 0 -1.448) (layer F.SilkS) hide
      (effects (font (size 1 1) (thickness 0.15)))
    )
    (fp_text value TestPoint (at 0 1.55) (layer F.Fab) hide
      (effects (font (size 0.3 0.3) (thickness 0.04)))
    )
    (fp_circle (center 0 0) (end 0 0.7) (layer F.SilkS) (width 0.12))
    (fp_circle (center 0 0) (end 1 0) (layer F.CrtYd) (width 0.05))
    (fp_text user %R (at 0 -1.45) (layer F.Fab) hide
      (effects (font (size 1 1) (thickness 0.15)))
    )
    (pad 1 smd circle (at 0 0) (size 1 1) (layers F.Cu_sig F.Mask)
      (net 65 EFM_TX))
  )

  (module ELRS_ESP8285_PWM5:molex_479480001_2g4-turret (layer B.Cu_sig) (tedit 6053B1A8) (tstamp 61A92A39)
    (at 153.4 55.5 315)
    (path /61E6AAB7)
    (attr smd)
    (fp_text reference J5 (at 0 -0.499999 315) (layer B.SilkS) hide
      (effects (font (size 1 1) (thickness 0.15)) (justify mirror))
    )
    (fp_text value Conn_Coaxial (at 0 0.499999 315) (layer B.Fab)
      (effects (font (size 0.3 0.3) (thickness 0.04)) (justify mirror))
    )
    (fp_line (start -1.85 -1.85) (end -1.85 1.85) (layer B.CrtYd) (width 0.05))
    (fp_line (start 1.85 -1.85) (end -1.85 -1.85) (layer B.CrtYd) (width 0.05))
    (fp_line (start 1.85 1.85) (end 1.85 -1.85) (layer B.CrtYd) (width 0.05))
    (fp_line (start -1.85 1.85) (end 1.85 1.85) (layer B.CrtYd) (width 0.05))
    (fp_line (start -1.6 -1.6) (end -1.6 1.6) (layer B.Fab) (width 0.12))
    (fp_line (start 1.6 -1.6) (end -1.6 -1.6) (layer B.Fab) (width 0.12))
    (fp_line (start 1.6 1.6) (end 1.6 -1.6) (layer B.Fab) (width 0.12))
    (fp_line (start -1.6 1.6) (end 1.6 1.6) (layer B.Fab) (width 0.12))
    (fp_line (start -1.4 -1.4) (end -1.4 1.4) (layer B.Fab) (width 0.12))
    (fp_line (start 1.4 -1.4) (end -1.4 -1.4) (layer B.Fab) (width 0.12))
    (fp_line (start 1.4 1.4) (end 1.4 -1.4) (layer B.Fab) (width 0.12))
    (fp_line (start -1.4 1.4) (end 1.4 1.4) (layer B.Fab) (width 0.12))
    (pad 2 smd roundrect (at -1.075 1.075 315) (size 1.35 1.35) (layers B.Cu_sig B.Paste B.Mask) (roundrect_rratio 0.25)
      (net 37 "Net-(J5-Pad2)"))
    (pad 2 smd roundrect (at 1.075 1.075 315) (size 1.35 1.35) (layers B.Cu_sig B.Paste B.Mask) (roundrect_rratio 0.25)
      (net 37 "Net-(J5-Pad2)"))
    (pad 2 smd roundrect (at 1.075 -1.075 315) (size 1.35 1.35) (layers B.Cu_sig B.Paste B.Mask) (roundrect_rratio 0.25)
      (net 37 "Net-(J5-Pad2)"))
    (pad 1 smd roundrect (at -1.075 -1.075 315) (size 1.35 1.35) (layers B.Cu_sig B.Paste B.Mask) (roundrect_rratio 0.25)
      (net 24 "Net-(J1-Pad1)"))
    (model ${KIPRJMOD}/3d_local/479480001.stp
      (at (xyz 0 0 0))
      (scale (xyz 1 1 1))
      (rotate (xyz 0 0 0))
    )
  )

  (module Resistor_SMD:R_0402_1005Metric (layer B.Cu_sig) (tedit 5F68FEEE) (tstamp 61CE8296)
    (at 159.8 64.675 90)
    (descr "Resistor SMD 0402 (1005 Metric), square (rectangular) end terminal, IPC_7351 nominal, (Body size source: IPC-SM-782 page 72, https://www.pcb-3d.com/wordpress/wp-content/uploads/ipc-sm-782a_amendment_1_and_2.pdf), generated with kicad-footprint-generator")
    (tags resistor)
    (path /62B5BC91)
    (attr smd)
    (fp_text reference R12 (at 0 1.17 90) (layer B.SilkS) hide
      (effects (font (size 1 1) (thickness 0.15)) (justify mirror))
    )
    (fp_text value 1k (at 0 0 90) (layer B.Fab)
      (effects (font (size 0.3 0.3) (thickness 0.04)) (justify mirror))
    )
    (fp_line (start 0.93 -0.47) (end -0.93 -0.47) (layer B.CrtYd) (width 0.05))
    (fp_line (start 0.93 0.47) (end 0.93 -0.47) (layer B.CrtYd) (width 0.05))
    (fp_line (start -0.93 0.47) (end 0.93 0.47) (layer B.CrtYd) (width 0.05))
    (fp_line (start -0.93 -0.47) (end -0.93 0.47) (layer B.CrtYd) (width 0.05))
    (fp_line (start -0.153641 -0.38) (end 0.153641 -0.38) (layer B.SilkS) (width 0.12))
    (fp_line (start -0.153641 0.38) (end 0.153641 0.38) (layer B.SilkS) (width 0.12))
    (fp_line (start 0.525 -0.27) (end -0.525 -0.27) (layer B.Fab) (width 0.1))
    (fp_line (start 0.525 0.27) (end 0.525 -0.27) (layer B.Fab) (width 0.1))
    (fp_line (start -0.525 0.27) (end 0.525 0.27) (layer B.Fab) (width 0.1))
    (fp_line (start -0.525 -0.27) (end -0.525 0.27) (layer B.Fab) (width 0.1))
    (fp_text user %R (at 0 0 90) (layer B.Fab) hide
      (effects (font (size 0.26 0.26) (thickness 0.04)) (justify mirror))
    )
    (pad 2 smd roundrect (at 0.51 0 90) (size 0.54 0.64) (layers B.Cu_sig B.Paste B.Mask) (roundrect_rratio 0.25)
      (net 2 +3V3))
    (pad 1 smd roundrect (at -0.51 0 90) (size 0.54 0.64) (layers B.Cu_sig B.Paste B.Mask) (roundrect_rratio 0.25)
      (net 62 C2CK))
    (model ${KISYS3DMOD}/Resistor_SMD.3dshapes/R_0402_1005Metric.wrl
      (at (xyz 0 0 0))
      (scale (xyz 1 1 1))
      (rotate (xyz 0 0 0))
    )
  )

  (module Resistor_SMD:R_0402_1005Metric (layer F.Cu_sig) (tedit 5F68FEEE) (tstamp 61A85B3F)
    (at 165.65 63.4)
    (descr "Resistor SMD 0402 (1005 Metric), square (rectangular) end terminal, IPC_7351 nominal, (Body size source: IPC-SM-782 page 72, https://www.pcb-3d.com/wordpress/wp-content/uploads/ipc-sm-782a_amendment_1_and_2.pdf), generated with kicad-footprint-generator")
    (tags resistor)
    (path /627498B9)
    (attr smd)
    (fp_text reference R9 (at 0 -1.17) (layer F.SilkS) hide
      (effects (font (size 1 1) (thickness 0.15)))
    )
    (fp_text value 1k (at 0 0) (layer F.Fab)
      (effects (font (size 0.3 0.3) (thickness 0.04)))
    )
    (fp_line (start 0.93 0.47) (end -0.93 0.47) (layer F.CrtYd) (width 0.05))
    (fp_line (start 0.93 -0.47) (end 0.93 0.47) (layer F.CrtYd) (width 0.05))
    (fp_line (start -0.93 -0.47) (end 0.93 -0.47) (layer F.CrtYd) (width 0.05))
    (fp_line (start -0.93 0.47) (end -0.93 -0.47) (layer F.CrtYd) (width 0.05))
    (fp_line (start -0.153641 0.38) (end 0.153641 0.38) (layer F.SilkS) (width 0.12))
    (fp_line (start -0.153641 -0.38) (end 0.153641 -0.38) (layer F.SilkS) (width 0.12))
    (fp_line (start 0.525 0.27) (end -0.525 0.27) (layer F.Fab) (width 0.1))
    (fp_line (start 0.525 -0.27) (end 0.525 0.27) (layer F.Fab) (width 0.1))
    (fp_line (start -0.525 -0.27) (end 0.525 -0.27) (layer F.Fab) (width 0.1))
    (fp_line (start -0.525 0.27) (end -0.525 -0.27) (layer F.Fab) (width 0.1))
    (fp_text user %R (at 0 0) (layer F.Fab) hide
      (effects (font (size 0.26 0.26) (thickness 0.04)))
    )
    (pad 2 smd roundrect (at 0.51 0) (size 0.54 0.64) (layers F.Cu_sig F.Paste F.Mask) (roundrect_rratio 0.25)
      (net 63 "Net-(R9-Pad2)"))
    (pad 1 smd roundrect (at -0.51 0) (size 0.54 0.64) (layers F.Cu_sig F.Paste F.Mask) (roundrect_rratio 0.25)
      (net 64 EFM_RX))
    (model ${KISYS3DMOD}/Resistor_SMD.3dshapes/R_0402_1005Metric.wrl
      (at (xyz 0 0 0))
      (scale (xyz 1 1 1))
      (rotate (xyz 0 0 0))
    )
  )

  (module TestPoint:TestPoint_Pad_D1.0mm (layer B.Cu_sig) (tedit 5A0F774F) (tstamp 61A8282A)
    (at 158 66)
    (descr "SMD pad as test Point, diameter 1.0mm")
    (tags "test point SMD pad")
    (path /626D68F2)
    (attr virtual)
    (fp_text reference TP9 (at 0 1.448) (layer B.SilkS) hide
      (effects (font (size 1 1) (thickness 0.15)) (justify mirror))
    )
    (fp_text value TestPoint (at 0 -1.55) (layer B.Fab) hide
      (effects (font (size 0.3 0.3) (thickness 0.04)) (justify mirror))
    )
    (fp_circle (center 0 0) (end 0 -0.7) (layer B.SilkS) (width 0.12))
    (fp_circle (center 0 0) (end 1 0) (layer B.CrtYd) (width 0.05))
    (fp_text user %R (at 0 1.45) (layer B.Fab) hide
      (effects (font (size 1 1) (thickness 0.15)) (justify mirror))
    )
    (pad 1 smd circle (at 0 0) (size 1 1) (layers B.Cu_sig B.Mask)
      (net 61 C2D))
  )

  (module TestPoint:TestPoint_Pad_D1.0mm (layer B.Cu_sig) (tedit 5A0F774F) (tstamp 61A82822)
    (at 158 63.5)
    (descr "SMD pad as test Point, diameter 1.0mm")
    (tags "test point SMD pad")
    (path /626D11E0)
    (attr virtual)
    (fp_text reference TP8 (at 0 1.448) (layer B.SilkS) hide
      (effects (font (size 1 1) (thickness 0.15)) (justify mirror))
    )
    (fp_text value TestPoint (at 0 -1.55) (layer B.Fab) hide
      (effects (font (size 0.3 0.3) (thickness 0.04)) (justify mirror))
    )
    (fp_circle (center 0 0) (end 0 -0.7) (layer B.SilkS) (width 0.12))
    (fp_circle (center 0 0) (end 1 0) (layer B.CrtYd) (width 0.05))
    (fp_text user %R (at 0 1.45) (layer B.Fab) hide
      (effects (font (size 1 1) (thickness 0.15)) (justify mirror))
    )
    (pad 1 smd circle (at 0 0) (size 1 1) (layers B.Cu_sig B.Mask)
      (net 62 C2CK))
  )

  (module TestPoint:TestPoint_Pad_2.5x2.5mm (layer F.Cu_sig) (tedit 5A0F774F) (tstamp 61A7B191)
    (at 175 69)
    (descr "SMD rectangular pad as test Point, square 2.5mm side length")
    (tags "test point SMD pad rectangle square")
    (path /62383AEA)
    (attr virtual)
    (fp_text reference TP6 (at 0 -2.148) (layer F.SilkS) hide
      (effects (font (size 1 1) (thickness 0.15)))
    )
    (fp_text value TestPoint (at 0 2.25) (layer F.Fab) hide
      (effects (font (size 0.3 0.3) (thickness 0.04)))
    )
    (fp_line (start -1.45 -1.45) (end 1.45 -1.45) (layer F.SilkS) (width 0.12))
    (fp_line (start 1.45 -1.45) (end 1.45 1.45) (layer F.SilkS) (width 0.12))
    (fp_line (start 1.45 1.45) (end -1.45 1.45) (layer F.SilkS) (width 0.12))
    (fp_line (start -1.45 1.45) (end -1.45 -1.45) (layer F.SilkS) (width 0.12))
    (fp_line (start -1.75 -1.75) (end 1.75 -1.75) (layer F.CrtYd) (width 0.05))
    (fp_line (start -1.75 -1.75) (end -1.75 1.75) (layer F.CrtYd) (width 0.05))
    (fp_line (start 1.75 1.75) (end 1.75 -1.75) (layer F.CrtYd) (width 0.05))
    (fp_line (start 1.75 1.75) (end -1.75 1.75) (layer F.CrtYd) (width 0.05))
    (fp_text user %R (at 0 -2.15) (layer F.Fab) hide
      (effects (font (size 1 1) (thickness 0.15)))
    )
    (pad 1 smd rect (at 0 0) (size 2.5 2.5) (layers F.Cu_sig F.Mask)
      (net 41 +BATT))
  )

  (module TestPoint:TestPoint_Pad_2.5x2.5mm (layer F.Cu_sig) (tedit 5A0F774F) (tstamp 61A7B15C)
    (at 171 69)
    (descr "SMD rectangular pad as test Point, square 2.5mm side length")
    (tags "test point SMD pad rectangle square")
    (path /62384040)
    (attr virtual)
    (fp_text reference TP7 (at 0 -2.148) (layer F.SilkS) hide
      (effects (font (size 1 1) (thickness 0.15)))
    )
    (fp_text value TestPoint (at 0 2.25) (layer F.Fab) hide
      (effects (font (size 0.3 0.3) (thickness 0.04)))
    )
    (fp_line (start -1.45 -1.45) (end 1.45 -1.45) (layer F.SilkS) (width 0.12))
    (fp_line (start 1.45 -1.45) (end 1.45 1.45) (layer F.SilkS) (width 0.12))
    (fp_line (start 1.45 1.45) (end -1.45 1.45) (layer F.SilkS) (width 0.12))
    (fp_line (start -1.45 1.45) (end -1.45 -1.45) (layer F.SilkS) (width 0.12))
    (fp_line (start -1.75 -1.75) (end 1.75 -1.75) (layer F.CrtYd) (width 0.05))
    (fp_line (start -1.75 -1.75) (end -1.75 1.75) (layer F.CrtYd) (width 0.05))
    (fp_line (start 1.75 1.75) (end 1.75 -1.75) (layer F.CrtYd) (width 0.05))
    (fp_line (start 1.75 1.75) (end -1.75 1.75) (layer F.CrtYd) (width 0.05))
    (fp_text user %R (at 0 -2.15) (layer F.Fab) hide
      (effects (font (size 1 1) (thickness 0.15)))
    )
    (pad 1 smd rect (at 0 0) (size 2.5 2.5) (layers F.Cu_sig F.Mask)
      (net 1 GND))
  )

  (module TestPoint:TestPoint_Pad_2.5x2.5mm (layer F.Cu_sig) (tedit 5A0F774F) (tstamp 61A7B083)
    (at 167 69 270)
    (descr "SMD rectangular pad as test Point, square 2.5mm side length")
    (tags "test point SMD pad rectangle square")
    (path /622097D0)
    (attr virtual)
    (fp_text reference TP3 (at 0 -2.148 90) (layer F.SilkS) hide
      (effects (font (size 1 1) (thickness 0.15)))
    )
    (fp_text value TestPoint (at 0 2.25 90) (layer F.Fab) hide
      (effects (font (size 0.3 0.3) (thickness 0.04)))
    )
    (fp_line (start -1.45 -1.45) (end 1.45 -1.45) (layer F.SilkS) (width 0.12))
    (fp_line (start 1.45 -1.45) (end 1.45 1.45) (layer F.SilkS) (width 0.12))
    (fp_line (start 1.45 1.45) (end -1.45 1.45) (layer F.SilkS) (width 0.12))
    (fp_line (start -1.45 1.45) (end -1.45 -1.45) (layer F.SilkS) (width 0.12))
    (fp_line (start -1.75 -1.75) (end 1.75 -1.75) (layer F.CrtYd) (width 0.05))
    (fp_line (start -1.75 -1.75) (end -1.75 1.75) (layer F.CrtYd) (width 0.05))
    (fp_line (start 1.75 1.75) (end 1.75 -1.75) (layer F.CrtYd) (width 0.05))
    (fp_line (start 1.75 1.75) (end -1.75 1.75) (layer F.CrtYd) (width 0.05))
    (fp_text user %R (at 0 -2.15 90) (layer F.Fab) hide
      (effects (font (size 1 1) (thickness 0.15)))
    )
    (pad 1 smd rect (at 0 0 270) (size 2.5 2.5) (layers F.Cu_sig F.Mask)
      (net 46 phase_C))
  )

  (module servo_edge:BoardEdge_Servo_4 (layer F.Cu_sig) (tedit 615388F5) (tstamp 61A8058F)
    (at 169 51 90)
    (path /623D4816)
    (attr virtual)
    (fp_text reference J2 (at 0 0.5 90) (layer F.SilkS) hide
      (effects (font (size 1 1) (thickness 0.15)))
    )
    (fp_text value Conn_02x06_Counter_Clockwise (at 0 -0.5 90) (layer F.Fab) hide
      (effects (font (size 0.3 0.3) (thickness 0.04)))
    )
    (fp_line (start 0 -7.62) (end 0 7.62) (layer F.Fab) (width 0.12))
    (fp_line (start 0 6.35) (end 0.635 5.715) (layer F.Fab) (width 0.12))
    (fp_line (start 0.635 5.715) (end 0 6.35) (layer F.Fab) (width 0.12))
    (fp_line (start 0 6.35) (end 0.635 6.985) (layer F.Fab) (width 0.12))
    (fp_line (start 0.635 6.985) (end 0.635 5.715) (layer F.Fab) (width 0.12))
    (fp_line (start 0.635 -5.715) (end 0 -6.35) (layer F.Fab) (width 0.12))
    (fp_line (start 0 -6.35) (end 0.635 -6.985) (layer F.Fab) (width 0.12))
    (fp_line (start 0.635 -6.985) (end 0.635 -5.715) (layer F.Fab) (width 0.12))
    (fp_text user edge (at 1.27 -3.81) (layer F.Fab)
      (effects (font (size 1 1) (thickness 0.15)))
    )
    (fp_text user edge (at 1.27 -3.81) (layer F.Fab)
      (effects (font (size 1 1) (thickness 0.15)))
    )
    (fp_text user edge (at 1.27 3.81) (layer F.Fab)
      (effects (font (size 1 1) (thickness 0.15)))
    )
    (pad 12 smd roundrect (at -2 -6.35 90) (size 3 2) (layers B.Cu_sig B.Mask) (roundrect_rratio 0.25)
      (net 66 "Net-(J2-Pad12)"))
    (pad 11 smd roundrect (at -2 -3.81 90) (size 3 2) (layers B.Cu_sig B.Mask) (roundrect_rratio 0.25)
      (net 41 +BATT))
    (pad 10 smd roundrect (at -2 -1.27 90) (size 3 2) (layers B.Cu_sig B.Mask) (roundrect_rratio 0.25)
      (net 1 GND))
    (pad 9 smd roundrect (at -2 1.27 90) (size 3 2) (layers B.Cu_sig B.Mask) (roundrect_rratio 0.25)
      (net 1 GND))
    (pad 8 smd roundrect (at -2 3.81 90) (size 3 2) (layers B.Cu_sig B.Mask) (roundrect_rratio 0.25)
      (net 41 +BATT))
    (pad 7 smd roundrect (at -2 6.35 90) (size 3 2) (layers B.Cu_sig B.Mask) (roundrect_rratio 0.25)
      (net 67 "Net-(J2-Pad7)"))
    (pad 6 smd roundrect (at -2 6.35 90) (size 3 2) (layers F.Cu_sig F.Mask) (roundrect_rratio 0.25)
      (net 68 "Net-(J2-Pad6)"))
    (pad 5 smd roundrect (at -2 3.81 90) (size 3 2) (layers F.Cu_sig F.Mask) (roundrect_rratio 0.25)
      (net 41 +BATT))
    (pad 4 smd roundrect (at -2 1.27 90) (size 3 2) (layers F.Cu_sig F.Mask) (roundrect_rratio 0.25)
      (net 1 GND))
    (pad 3 smd roundrect (at -2 -1.27 90) (size 3 2) (layers F.Cu_sig F.Mask) (roundrect_rratio 0.25)
      (net 1 GND))
    (pad 2 smd roundrect (at -2 -3.81 90) (size 3 2) (layers F.Cu_sig F.Mask) (roundrect_rratio 0.25)
      (net 41 +BATT))
    (pad 1 smd roundrect (at -2 -6.35 90) (size 3 2) (layers F.Cu_sig F.Mask) (roundrect_rratio 0.25)
      (net 69 "Net-(J2-Pad1)"))
    (model ${KISYS3DMOD}/Connector_PinHeader_2.54mm.3dshapes/PinHeader_2x06_P2.54mm_Vertical.step
      (offset (xyz 0 6.35 0.4))
      (scale (xyz 1 1 1))
      (rotate (xyz 0 -90 0))
    )
  )

